date,short_term_rate,mid_term_rate,long_term_rate,risk_free_rate
2024-01-01,2.10,2.50,3.05,2.30
2024-01-15,2.15,2.55,3.10,2.35
2024-02-01,2.20,2.60,3.15,2.40
2024-02-15,2.25,2.65,3.20,2.45
2024-03-01,2.30,2.70,3.25,2.50
2024-03-15,2.35,2.75,3.30,2.55
2024-04-01,2.40,2.80,3.35,2.60
2024-04-15,2.45,2.85,3.40,2.65
2024-05-01,2.50,2.90,3.45,2.70
2024-05-15,2.55,2.95,3.50,2.75
2024-06-01,2.60,3.00,3.55,2.80
2024-06-15,2.55,2.95,3.50,2.75
2024-07-01,2.50,2.90,3.45,2.70
2024-07-15,2.45,2.85,3.40,2.65
2024-08-01,2.40,2.80,3.35,2.60
2024-08-15,2.35,2.75,3.30,2.55
2024-09-01,2.30,2.70,3.25,2.50
2024-09-15,2.35,2.75,3.30,2.55
2024-10-01,2.40,2.80,3.35,2.60